-663.8935 331.40002
-694.6935 328.10004
-702.3935 325.90002
-711.1935 317.10004
-719.99347 307.2
-724.3935 292.90002
-727.6935 279.69998
-727.6935 253.29999
-712.2935 229.10002
-703.49347 219.20001
-679.29346 212.59999
-641.8935 202.7
-579.1935 195.0
-518.6935 190.59999
-457.09344 190.59999
-409.79346 189.5
-334.99344 191.7
-255.79343 195.0
-218.39343 201.6
-187.59341 214.8
-166.69342 229.10002
-142.49341 255.50003
-133.69342 273.10004
-125.99341 299.50003
-121.593414 328.10004
-121.593414 353.40002
-124.8934 367.70004
-130.3934 385.30005
-140.29343 395.20004
-155.69342 406.20004
-177.69342 415.0
-204.09341 419.40002
-226.09341 420.50003
-164.49341 420.50003
-144.69342 412.80005
-119.3934 388.60004
-110.59338 363.30005
-109.49341 323.7
-114.99341 280.80002
-130.3934 246.70001
-152.39343 211.5
-190.89343 188.4
-428.49347 171.89998
-642.99347 186.2
-715.5935 215.90001
-733.1935 246.70001
-737.5935 266.50003
-735.3935 286.30002
-727.6935 308.30002
-714.49347 325.90002
-700.1935 333.60004