243.97656 246.0
293.97656 224.0
349.97656 206.00006
419.97656 188.00006
491.97656 180.00006
543.97656 180.00006
603.97656 188.00006
649.97656 210.00006
671.97656 230.0
689.97656 250.00006
705.97656 280.00006
715.97656 310.00006
719.97656 354.00006
719.97656 386.00006
713.97656 414.00012
701.97656 448.00006
673.97656 482.00006
649.97656 490.00012
621.97656 498.00012
691.97656 484.00012
705.97656 470.00006
719.97656 454.00006
735.97656 402.0
741.97656 366.00006
733.97656 282.00006
711.97656 234.00006
681.97656 190.00006
631.97656 168.00006
549.97656 154.00006
435.97656 164.00006
329.97656 194.00006
287.97656 216.00006