-835.896 466.00012
-807.896 464.00006
-785.896 456.00006
-765.896 440.00012
-745.896 394.00006
-725.896 326.00006
-703.896 246.0
-681.896 186.00006
-655.896 150.00003
-621.896 126.00006
-561.896 108.0
-509.896 100.00003
-439.896 102.00003
-389.896 108.0
-349.896 126.00006
-317.896 146.00006
-295.896 168.00006
-323.896 130.00006
-343.896 112.00003
-391.896 96.00003
-481.896 88.00006
-583.896 94.00006
-675.896 144.00003
-699.896 184.00006
-775.896 418.00006
-787.896 434.0
-801.896 446.00012
-813.896 454.00006