-789.11743 656.0001
-779.11743 584.00006
-765.11743 520.00006
-721.11743 390.00006
-667.11743 294.00006
-623.11743 226.00006
-493.11743 118.00003
-405.11743 98.00006
-299.11743 100.00003
-207.11743 126.00006
-113.11743 190.00006
-45.11743 272.00006
8.882568 380.00006
48.88257 508.00006
72.88257 588.0001
72.88257 562.0001
66.88257 530.0001
16.882568 370.0
-23.117432 282.00006
-69.11743 214.0
-145.11743 142.00006
-291.11743 84.00003
-501.11743 94.00006
-637.11743 206.00006
-705.11743 302.00006
-753.11743 420.00012
-813.11743 618.0001