161.80208 682.0001
153.80208 626.0001
143.80208 568.0001
127.80208 500.00006
109.80208 440.00012
85.80208 366.00006
61.80208 282.00006
43.80208 234.00006
17.802078 188.00006
-28.197922 126.00006
-118.19792 68.00003
-206.19792 26.00003
-286.19794 8.000061
-366.19794 6.0000305
-468.19794 4.0000305
-542.19794 20.00003
-630.19794 58.00003
-710.19794 122.00006
-782.19794 206.00006
-838.19794 292.00006
-894.19794 378.00006
-984.19794 564.00006
-1004.19794 654.00006
-1000.19794 562.0001
-988.19794 512.00006
-966.19794 440.00012
-926.19794 342.00006
-814.19794 150.00003
-696.19794 40.00006
-510.19794 -29.999939
-310.19794 -60.0
-114.19792 -17.999939
15.802078 90.00003
79.80208 278.00006
125.80208 424.00006
151.80208 550.00006