648.21497 318.00006
642.21497 379.50006
631.71497 420.0001
607.71497 468.0001
561.21497 520.5001
510.21497 532.50006
432.21497 526.50006
403.71497 499.50006
379.71497 448.5001
376.71497 406.50006
393.21497 358.50006
379.71497 381.0001
370.71497 409.5001
370.71497 435.0
379.71497 465.00006
388.71497 486.0001
403.71497 513.00006
420.21497 531.0001
439.71497 538.50006
474.21497 543.00006
507.21497 544.5001
553.71497 535.5001
576.21497 520.5001
594.21497 502.50006
612.21497 477.0001
628.71497 445.50006
643.71497 414.00006
651.21497 379.50006