1525.9983 340.2
1523.2983 377.10004
1520.5984 392.40002
1512.4983 412.20004
1504.3983 428.40002
1489.0984 441.90005
1467.4983 450.90005
1433.2983 454.50003
1400.8983 445.50003
1382.8983 430.20007
1371.1984 408.60004
1363.0984 382.50003
1362.1984 354.60004
1366.6984 336.60004
1374.7983 324.90002
1390.9983 306.00003
1408.0984 294.3
1419.7983 287.1
1443.1984 283.50003
1462.0984 281.7
1475.5984 283.50003
1463.8983 277.2
1434.1984 279.9
1400.8983 290.7
1379.2983 310.50003
1364.8983 329.40002
1356.7983 345.60004
1354.9983 373.50003
1358.5984 392.40002
1366.6984 416.70004
1378.3983 432.90005
1392.7983 447.30005
1417.9983 457.20004
1444.0984 460.80005
1469.2983 455.40002
1490.8983 450.00006
1507.9983 435.60007
1518.7983 419.4
1524.1984 398.70007
1529.5984 382.50003
1528.6984 365.40002